[
  [
    4931442,
    4931460,
    "91",
    1
  ],
  [
    4931470,
    4931488,
    "3",
    1
  ],
  [
    4931498,
    4931516,
    "20",
    1
  ],
  [
    4931526,
    4931544,
    "81",
    1
  ],
  [
    4931554,
    4931572,
    "22",
    1
  ],
  [
    4931582,
    4931600,
    "86",
    1
  ],
  [
    4931610,
    4931628,
    "38",
    1
  ],
  [
    4931638,
    4931656,
    "83",
    1
  ],
  [
    4931666,
    4931684,
    "24",
    2
  ],
  [
    4931694,
    4931712,
    "1",
    1
  ],
  [
    4931722,
    4931740,
    "16",
    1
  ],
  [
    4931750,
    4931768,
    "17",
    1
  ],
  [
    4931778,
    4931796,
    "79",
    2
  ],
  [
    4931806,
    4931824,
    "26",
    1
  ],
  [
    4931834,
    4931852,
    "58",
    1
  ],
  [
    4931862,
    4931880,
    "44",
    1000
  ],
  [
    4931890,
    4931908,
    "31",
    1000
  ],
  [
    4931918,
    4931936,
    "72",
    9000
  ],
  [
    4931946,
    4931964,
    "23",
    1
  ],
  [
    4931974,
    4931992,
    "39",
    1000
  ],
  [
    4932002,
    4932020,
    "32",
    1
  ],
  [
    4932030,
    4932048,
    "6",
    1000
  ],
  [
    4932058,
    4932076,
    "27",
    1
  ],
  [
    4932086,
    4932104,
    "73",
    1000
  ],
  [
    4932114,
    4932132,
    "35",
    1
  ],
  [
    4932142,
    4932160,
    "7",
    1000
  ],
  [
    4932170,
    4932188,
    "8",
    1000
  ],
  [
    4932198,
    4932216,
    "55",
    1
  ],
  [
    4932226,
    4932244,
    "60",
    1
  ],
  [
    4932254,
    4932272,
    "71",
    1
  ],
  [
    4932282,
    4932300,
    "10",
    1
  ],
  [
    4932310,
    4932328,
    "66",
    1000
  ]
]