#SteamId
76561198018810644
76561198058860200
76561197998175103
76561198286088090
76561198005596761
76561198044721427
76561198274418383
76561198144094190
76561198000299255
76561198119417964
76561197965840565
76561197965751283
76561198064133964
76561198203572140
76561198062809748
76561198195062528
76561198072012028
76561198031607938
76561197996881658
76561198066613807
76561198131811763
76561198097673487
76561198201555401
76561198043765069
76561198165028472
76561197975974160
76561198016539114
76561198218277949
76561198039361067
76561198022461071
76561198234970748
76561198295432126
76561198263924954
76561198294495672
76561198217084677
76561198142662589
76561198178318561
76561198231341556
76561198283036309
76561197975854340
76561198189165325
76561198035592720
76561198120696812
76561198062550256
76561197989004622
76561198051197480
76561198083734769
76561198228085336
76561198197654681
76561198169600371
76561198163770898
76561198016919460
76561198191114205
76561198125788975
76561198059650329
76561198141400088
76561198294728950
76561198002561214
76561198120083474
76561198114051638
76561198145337059
76561198012506215
76561198067132083
76561198223257748
76561198093741732
76561197969031888
76561197971854743
76561198014729954
76561198126741798
76561198253247563
76561198224472344
76561198012994532
76561198195280319
76561198092673642
76561198128401410
76561198119659298
76561198059217834
76561198018767464
76561198119377761
76561198047880606
76561198237532870
76561198030227070
76561198096667851
76561197972184233
76561198263697013
76561198135505697
76561198115656060
76561198168992599
76561198297393960
76561197961901216
76561198046609635
76561198051685245
76561198130512780
76561198137243520
76561198003465382
76561198058522376
76561198278129776
76561198067392156
76561197978885254
76561197978443975
76561198113928319
76561198164287404
76561198288708722
76561198277700576
76561198261960829
76561198055041232
76561198263356431
76561198172609817
76561198093879915
76561198023463064
76561197963526950
76561198172814962
76561198206547949
76561197972817615
76561198268280371
76561197995790660
76561198052297011
76561197993784349
76561198010354156
76561198240925180
76561198237198594
76561198173746146
